acquire 1574
    0376 1574 1578 2510 2580
    2659 2693 2723 2817 2879
    2924 2939 2966 2979 3176
    3194 3466 3873 3893 4460
    4515 4620 4683 4774 4786
    4805 4980 5007 5024 5081
    5408 5441 5510 5517 6030
    6054 6068 6963 6984 7005
    8460 8631 8678 8714
acquiresleep 4772
    0385 4627 4642 4772 5461
allocproc 2505
    2505 2557 2630
allocuvm 1977
    0427 1977 1991 1997 2609
    6802 6816
alltraps 3354
    3309 3317 3330 3335 3353
    3354
ALT 8160
    8160 8188 8190
argfd 6221
    6221 6272 6287 6307 6318
    6331
argint 3645
    0401 3645 3658 3674 3833
    3856 3871 6226 6287 6307
    6558 6625 6626 6681
argptr 3654
    0402 3654 3905 6287 6307
    6331 6707
argstr 3671
    0403 3671 6357 6458 6558
    6607 6624 6657 6681
__attribute__ 1415
    0272 0364 1309 1415
BACK 9111
    9111 9224 9370 9639
backcmd 9146 9364
    9146 9159 9225 9364 9366
    9492 9605 9640
BACKSPACE 8550
    8550 8567 8609 8642 8648
balloc 5166
    5166 5186 5567 5575 5579
BBLOCK 4210
    4210 5173 5208
B_DIRTY 3977
    3977 4445 4469 4474 4510
    4528 4636 4669 5089
begin_op 4978
    0336 2688 4978 6083 6174
    6360 6461 6561 6606 6623
    6656 6770
bfree 5202
    5202 5614 5624 5627
bget 4616
    4616 4646 4656
binit 4588
    0263 1342 4588
bmap 5560
    5295 5560 5586 5669 5719
bootmain 9767
    9723 9767
BPB 4207
    4207 4210 5172 5174 5209
bread 4652
    0264 4652 4927 4928 4940
    4956 5038 5039 5135 5156
    5173 5208 5360 5381 5464
    5576 5620 5669 5719
brelse 4676
    0265 4676 4679 4931 4932
    4947 4964 5042 5043 5137
    5159 5179 5184 5215 5366
    5369 5390 5472 5582 5626
    5679 5723
BSIZE 4155
    3974 4155 4174 4201 4207
    4431 4447 4470 4908 4929
    5040 5157 5669 5670 5674
    5678 5715 5719 5720 5721
buf 3956
    0250 0264 0265 0266 0308
    0335 2170 2173 2182 2184
    3956 3971 3972 3973 4363
    4381 4384 4425 4457 4504
    4506 4509 4576 4580 4584
    4590 4603 4615 4618 4651
    4654 4665 4676 4856 4927
    4928 4940 4941 4947 4956
    4957 4963 4964 5038 5039
    5072 5120 5133 5154 5169
    5204 5356 5378 5455 5563
    5609 5655 5705 8380 8391
    8395 8398 8618 8640 8654
    8688 8709 8716 9234 9237
    9238 9239 9253 9265 9266
    9268 9269 9270 9274
B_VALID 3976
    3976 4473 4510 4528 4657
bwrite 4665
    0266 4665 4668 4930 4963
    5041
bzero 5152
    5152 5180
C 8181 8624
    8181 8229 8254 8255 8256
    8257 8258 8260 8624 8634
    8638 8645 8656 8689
CAPSLOCK 8162
    8162 8195 8336
cgaputc 8555
    8555 8613
clearpteu 2072
    0436 2072 2078 6818
cli 0557
    0557 0559 1224 1660 8510
    8604 9662
cmd 9115
    9115 9127 9136 9137 9142
    9143 9148 9152 9156 9165
    9168 9173 9181 9187 9191
    9201 9225 9227 9302 9305
    9307 9308 9309 9310 9313
    9314 9316 9318 9319 9320
    9321 9322 9323 9324 9325
    9326 9329 9330 9332 9334
    9335 9336 9337 9338 9339
    9350 9351 9353 9355 9356
    9357 9358 9359 9360 9363
    9364 9366 9368 9369 9370
    9371 9372 9462 9463 9464
    9465 9467 9471 9474 9480
    9481 9484 9487 9489 9492
    9496 9498 9500 9503 9505
    9508 9510 9513 9514 9525
    9528 9531 9535 9550 9553
    9558 9562 9563 9566 9571
    9572 9578 9587 9588 9594
    9595 9601 9602 9611 9614
    9616 9622 9623 9628 9634
    9640 9641 9644
CMOS_PORT 7750
    7750 7764 7765 7813
CMOS_RETURN 7751
    7751 7816
CMOS_STATA 7800
    7800 7842
CMOS_STATB 7801
    7801 7835
CMOS_UIP 7802
    7802 7842
COM1 8814
    8814 8824 8827 8828 8829
    8830 8831 8832 8835 8841
    8842 8857 8859 8867 8869
commit 5051
    4903 5023 5051
CONSOLE 4287
    4287 8728 8729
consoleinit 8724
    0269 1334 8724
consoleintr 8627
    0271 8348 8627 8875
consoleread 8671
    8671 8729
consolewrite 8709
    8709 8728
consputc 8601
    8367 8398 8468 8486 8489
    8493 8494 8601 8642 8648
    8655 8716
context 2390
    0251 0373 2353 2390 2411
    2541 2542 2543 2544 2828
    2871 3028
CONV 7852
    7852 7853 7854 7855 7856
    7857 7858 7859
copyout 2168
    0435 2168 6826 6837
copyuvm 2085
    0432 2085 2096 2098 2635
cprintf 8452
    0270 1331 1367 1991 1997
    3026 3030 3032 3490 3503
    3508 3789 5294 5672 5674
    5676 7713 7962 8452 8512
    8513 8514 8517
cpu 2351
    0311 1367 1369 1381 1506
    1566 1590 1608 1647 1661
    1662 1663 1671 1673 1717
    1730 1736 1912 1913 1914
    1915 1918 2351 2361 2365
    2376 2828 2864 2870 2871
    2872 3490 3503 3508 7363
    7713 8512
cpunum 7701
    0326 1331 1367 1391 1723
    3465 3491 3504 3510 7701
    7973 7982
CR0_PE 0727
    0727 1237 1270 9696
CR0_PG 0737
    0737 1154 1270
CR0_WP 0733
    0733 1154 1270
CR4_PSE 0739
    0739 1147 1263
create 6507
    6507 6527 6540 6544 6564
    6607 6627
CRTPORT 8551
    8551 8560 8561 8562 8563
    8581 8582 8583 8584
CTL 8159
    8159 8185 8189 8335
DAY 7807
    7807 7824
deallocuvm 2011
    0428 1992 1998 2011 2059
    2612
DEVSPACE 0204
    0204 1834 1862
devsw 4280
    4280 4285 5658 5660 5708
    5710 6012 8728 8729
dinode 4178
    4178 4201 5357 5361 5379
    5382 5456 5465
dirent 4215
    4215 5764 5805 6405 6454
dirlink 5802
    0288 5771 5802 5817 5825
    6380 6539 6543 6544
dirlookup 5761
    0289 5761 5767 5809 5925
    6473 6517
DIRSIZ 4213
    4213 4217 5755 5822 5878
    5879 5943 6354 6455 6511
DPL_USER 0829
    0829 1726 1727 2565 2566
    3433 3518 3527
E0ESC 8166
    8166 8320 8324 8325 8327
    8330
elfhdr 1005
    1005 6765 9769 9774
ELF_MAGIC 1002
    1002 6783 9782
ELF_PROG_LOAD 1036
    1036 6796
end_op 5003
    0337 2690 5003 6085 6179
    6362 6369 6387 6396 6463
    6497 6502 6566 6571 6577
    6586 6590 6608 6612 6628
    6632 6658 6664 6669 6774
    6810 6865
entry 1144
    1011 1140 1143 1144 3302
    3303 6854 7221 9771 9797
    9798
EOI 7567
    7567 7684 7733
ERROR 7588
    7588 7677
ESR 7570
    7570 7680 7681
exec 6760
    0275 3742 6697 6760 8988
    9079 9080 9176 9177
EXEC 9107
    9107 9172 9309 9615
execcmd 9119 9303
    9119 9160 9173 9303 9305
    9571 9577 9578 9606 9616
exit 2672
    0358 2672 2712 3455 3459
    3519 3528 3732 3818 8917
    8920 8981 9076 9081 9166
    9175 9185 9230 9277 9284
EXTMEM 0202
    0202 0208 1831
fdalloc 6253
    6253 6274 6582 6712
fetchint 3617
    0404 3617 3647 6688
fetchstr 3629
    0405 3629 3676 6694
file 4250
    0252 0278 0279 0280 0282
    0283 0284 0351 2414 4250
    5121 6010 6015 6025 6028
    6031 6051 6052 6064 6066
    6102 6115 6152 6215 6221
    6224 6253 6269 6283 6303
    6316 6328 6555 6704 6908
    6922 8361 8809 9128 9183
    9184 9314 9322 9522
filealloc 6026
    0278 6026 6582 6928
fileclose 6064
    0279 2683 6064 6070 6321
    6584 6715 6716 6954 6956
filedup 6052
    0280 2652 6052 6056 6276
fileinit 6019
    0281 1343 6019
fileread 6115
    0282 6115 6130 6289
filestat 6102
    0283 6102 6333
filewrite 6152
    0284 6152 6184 6189 6309
FL_IF 0710
    0710 1662 1669 2569 2868
    7710
fork 2624
    0359 2624 3730 3812 8980
    9073 9075 9292 9294
fork1 9288
    9150 9192 9204 9211 9226
    9273 9288
forkret 2888
    2467 2544 2888
freerange 3151
    3111 3141 3147 3151
freevm 2053
    0429 2053 2058 2110 2736
    6857 6862
FSSIZE 0162
    0162 4429
gatedesc 0951
    0523 0526 0951 3411
getcallerpcs 1627
    0377 1591 1627 3028 8515
getcmd 9234
    9234 9265
gettoken 9406
    9406 9491 9495 9507 9520
    9521 9557 9561 9583
growproc 2603
    0360 2603
havedisk1 4383
    4383 4414 4512
holding 1645
    0378 1577 1604 1645 2862
holdingsleep 4801
    0387 4508 4667 4678 4801
    5483
HOURS 7806
    7806 7823
ialloc 5353
    0290 5353 5371 6526 6527
IBLOCK 4204
    4204 5360 5381 5464
ICRHI 7581
    7581 7687 7772 7784
ICRLO 7571
    7571 7688 7689 7773 7775
    7785
ID 7564
    7564 7604 7720
IDE_BSY 4366
    4366 4392
IDE_CMD_RDMUL 4373
    4373 4433
IDE_CMD_READ 4371
    4371 4433
IDE_CMD_WRITE 4372
    4372 4434
IDE_CMD_WRMUL 4374
    4374 4434
IDE_DF 4368
    4368 4394
IDE_DRDY 4367
    4367 4392
IDE_ERR 4369
    4369 4394
ideinit 4401
    0306 1344 4401
ideintr 4455
    0307 3474 4455
idelock 4380
    4380 4405 4460 4462 4481
    4515 4529 4532
iderw 4504
    0308 4504 4509 4511 4513
    4658 4670
idestart 4425
    4384 4425 4428 4436 4479
    4525
idewait 4388
    4388 4408 4438 4469
idtinit 3439
    0412 1368 3439
idup 5439
    0291 2653 5439 5912
iget 5404
    5300 5367 5404 5424 5779
    5910
iinit 5284
    0292 2899 5284
ilock 5453
    0293 5453 5459 5475 5915
    6105 6124 6175 6366 6379
    6392 6467 6475 6515 6519
    6529 6574 6661 6777 8683
    8703 8718
inb 0453
    0453 4392 4413 7504 7816
    8314 8317 8561 8563 8835
    8841 8842 8857 8867 8869
    9676 9684 9804
initlock 1562
    0379 1562 2475 3139 3435
    4405 4592 4765 4912 5288
    6021 6936 8726
initlog 4906
    0334 2900 4906 4909
initsleeplock 4763
    0388 4606 4763 5290
inituvm 1927
    0430 1927 1932 2562
inode 4262
    0253 0288 0289 0290 0291
    0293 0294 0295 0296 0297
    0299 0300 0301 0302 0303
    0431 1953 2415 4256 4262
    4281 4282 5124 5280 5290
    5300 5352 5376 5403 5406
    5412 5438 5439 5453 5481
    5508 5526 5560 5606 5637
    5652 5702 5760 5761 5802
    5806 5904 5907 5940 5950
    6355 6402 6453 6506 6510
    6556 6604 6619 6654 6766
    8671 8709
INPUT_BUF 8616
    8616 8618 8640 8652 8654
    8656 8688
insl 0462
    0462 0464 4470 9823
install_trans 4922
    4922 4971 5056
INT_DISABLED 7919
    7919 7967
ioapic 7927
    7457 7474 7475 7924 7927
    7936 7937 7943 7944 7958
IOAPIC 7908
    7908 7958
ioapicenable 7973
    0311 4407 7973 8733 8844
ioapicid 7366
    0312 7366 7475 7492 7961
    7962
ioapicinit 7951
    0313 1333 7951 7962
ioapicread 7934
    7934 7959 7960
ioapicwrite 7941
    7941 7967 7968 7981 7982
IO_PIC1 8007
    8007 8020 8035 8044 8047
    8052 8062 8076 8077
IO_PIC2 8008
    8008 8021 8036 8065 8066
    8067 8070 8079 8080
IO_TIMER1 8759
    8759 8768 8778 8779
IPB 4201
    4201 4204 5361 5382 5465
iput 5508
    0294 2689 5508 5529 5810
    5933 6084 6385 6668
IRQ_COM1 3283
    3283 3484 8843 8844
IRQ_ERROR 3285
    3285 7677
IRQ_IDE 3284
    3284 3473 3477 4406 4407
IRQ_KBD 3282
    3282 3480 8732 8733
IRQ_SLAVE 8010
    8010 8014 8052 8067
IRQ_SPURIOUS 3286
    3286 3489 7657
IRQ_TIMER 3281
    3281 3464 3523 7664 8780
isdirempty 6402
    6402 6409 6479
ismp 7364
    0340 1345 7364 7461 7484
    7488 7955 7975
itrunc 5606
    5124 5514 5606
iunlock 5481
    0295 5481 5484 5528 5922
    6107 6127 6178 6375 6589
    6667 8676 8713
iunlockput 5526
    0296 5526 5917 5926 5929
    6368 6381 6384 6395 6480
    6491 6495 6501 6518 6522
    6546 6576 6585 6611 6631
    6663 6809 6864
iupdate 5376
    0297 5376 5516 5632 5728
    6374 6394 6489 6494 6533
    6537
I_VALID 4276
    4276 5463 5473 5511
kalloc 3189
    0316 1397 1763 1859 1933
    1989 2101 2526 3189 6930
KBDATAP 8154
    8154 8317
kbdgetc 8306
    8306 8348
kbdintr 8346
    0322 3481 8346
KBS_DIB 8153
    8153 8315
KBSTATP 8152
    8152 8314
KERNBASE 0207
    0207 0208 0211 0212 0214
    0215 1420 1634 1831 1982
    2059
KERNLINK 0208
    0208 1832
KEY_DEL 8178
    8178 8219 8241 8265
KEY_DN 8172
    8172 8215 8237 8261
KEY_END 8170
    8170 8218 8240 8264
KEY_HOME 8169
    8169 8218 8240 8264
KEY_INS 8177
    8177 8219 8241 8265
KEY_LF 8173
    8173 8217 8239 8263
KEY_PGDN 8176
    8176 8216 8238 8262
KEY_PGUP 8175
    8175 8216 8238 8262
KEY_RT 8174
    8174 8217 8239 8263
KEY_UP 8171
    8171 8215 8237 8261
kfree 3165
    0317 1999 2027 2029 2063
    2066 2636 2734 3156 3165
    3170 6952 6973
kill 2975
    0361 2975 3509 3740 3835
    8987
kinit1 3137
    0318 1321 3137
kinit2 3145
    0319 1348 3145
KSTACKSIZE 0151
    0151 1158 1167 1398 1915
    2530
kvmalloc 1878
    0424 1326 1878
lapiceoi 7730
    0328 3471 3475 3482 3486
    3492 7730
lapicinit 7651
    0329 1329 1359 7651
lapicstartap 7756
    0330 1402 7756
lapicw 7601
    7601 7657 7663 7664 7665
    7668 7669 7674 7677 7680
    7681 7684 7687 7688 7693
    7733 7772 7773 7775 7784
    7785
lcr3 0590
    0590 1889 1920
lgdt 0512
    0512 0520 1235 1732 9694
lidt 0526
    0526 0534 3441
LINT0 7586
    7586 7668
LINT1 7587
    7587 7669
LIST 9110
    9110 9190 9357 9633
listcmd 9140 9351
    9140 9161 9191 9351 9353
    9496 9607 9634
loadgs 0551
    0551 1733
loaduvm 1953
    0431 1953 1959 1962 6806
log 4888 4900
    4888 4900 4912 4914 4915
    4916 4926 4927 4928 4940
    4943 4944 4945 4956 4959
    4960 4961 4972 4980 4982
    4983 4984 4986 4988 4989
    5007 5008 5009 5010 5011
    5013 5016 5018 5024 5025
    5026 5027 5037 5038 5039
    5053 5057 5076 5078 5081
    5082 5083 5086 5087 5088
    5090
logheader 4883
    4883 4895 4908 4909 4941
    4957
LOGSIZE 0160
    0160 4885 4984 5076 6167
log_write 5072
    0335 5072 5079 5158 5178
    5214 5365 5389 5580 5722
ltr 0538
    0538 0540 1919
mappages 1779
    1779 1869 1935 1996 2104
MAXARG 0158
    0158 6677 6764 6823
MAXARGS 9113
    9113 9121 9122 9590
MAXFILE 4175
    4175 5715
MAXOPBLOCKS 0159
    0159 0160 0161 4984
memcmp 7065
    0391 7065 7388 7438 7845
memmove 7081
    0392 1388 1936 2103 2182
    4929 5040 5136 5388 5471
    5678 5721 5879 5881 7081
    7104 8576
memset 7054
    0393 1766 1861 1934 1995
    2543 2564 3173 5157 5363
    6484 6684 7054 8578 9237
    9308 9319 9335 9356 9369
microdelay 7739
    0331 7739 7774 7776 7786
    7814 8858
min 5123
    5123 5670 5673 5720
MINS 7805
    7805 7822
MONTH 7808
    7808 7825
mp 7202
    7202 7358 7380 7387 7388
    7389 7405 7410 7414 7415
    7418 7419 7430 7433 7435
    7437 7444 7454 7459 7500
MPBUS 7252
    7252 7478
mpconf 7213
    7213 7429 7432 7437 7455
mpconfig 7430
    7430 7459
mpenter 1355
    1355 1399
mpinit 7451
    0341 1328 7451
mpioapic 7239
    7239 7457 7474 7476
MPIOAPIC 7253
    7253 7473
MPIOINTR 7254
    7254 7479
MPLINTR 7255
    7255 7480
mpmain 1365
    1309 1350 1360 1365
mpproc 7228
    7228 7456 7466 7471
MPPROC 7251
    7251 7465
mpsearch 7406
    7406 7435
mpsearch1 7381
    7381 7414 7418 7421
multiboot_header 1129
    1128 1129
namecmp 5753
    0298 5753 5774 6470
namei 5941
    0299 2574 5941 6361 6570
    6657 6773
nameiparent 5951
    0300 5905 5920 5932 5951
    6377 6462 6513
namex 5905
    5905 5944 5953
NBUF 0161
    0161 4580 4603
ncpu 7365
    1331 1390 2366 4407 7365
    7467 7468 7469 7490 7721
NCPU 0152
    0152 2365 7363 7467
NDEV 0156
    0156 5658 5708 6012
NDIRECT 4173
    4173 4175 4184 4274 5565
    5570 5574 5575 5612 5619
    5620 5627 5628
NELEM 0439
    0439 1866 3022 3784 6686
nextpid 2466
    2466 2521
NFILE 0154
    0154 6015 6031
NINDIRECT 4174
    4174 4175 5572 5622
NINODE 0155
    0155 5280 5289 5412
NO 8156
    8156 8202 8205 8207 8208
    8209 8210 8212 8224 8227
    8229 8230 8231 8232 8234
    8252 8253 8255 8256 8257
    8258
NOFILE 0153
    0153 2414 2650 2681 6228
    6257
NPDENTRIES 0871
    0871 1416 2060
NPROC 0150
    0150 2461 2512 2701 2727
    2818 2957 2980 3019
NSEGS 0751
    0751 2355
nulterminate 9602
    9465 9480 9602 9623 9629
    9630 9635 9636 9641
NUMLOCK 8163
    8163 8196
O_CREATE 4053
    4053 6563 9528 9531
O_RDONLY 4050
    4050 6575 9525
O_RDWR 4052
    4052 6596 9064 9066 9257
outb 0471
    0471 4411 4420 4439 4440
    4441 4442 4443 4444 4446
    4449 7503 7504 7764 7765
    7813 8020 8021 8035 8036
    8044 8047 8052 8062 8065
    8066 8067 8070 8076 8077
    8079 8080 8560 8562 8581
    8582 8583 8584 8777 8778
    8779 8824 8827 8828 8829
    8830 8831 8832 8859 9681
    9689 9814 9815 9816 9817
    9818 9819
outsl 0483
    0483 0485 4447
outw 0477
    0477 1280 1282 9729 9731
O_WRONLY 4051
    4051 6595 6596 9528 9531
P2V 0212
    0212 1321 1348 1387 1761
    1862 1968 2028 2062 2103
    2161 7385 7412 7437 7766
    8552
panic 8505 9281
    0272 1578 1605 1670 1672
    1792 1863 1905 1907 1909
    1932 1959 1962 2027 2058
    2078 2096 2098 2561 2678
    2712 2863 2865 2867 2869
    2912 2915 3170 3505 4428
    4430 4436 4509 4511 4513
    4646 4668 4679 4909 5010
    5077 5079 5186 5212 5371
    5424 5459 5475 5484 5586
    5767 5771 5817 5825 6056
    6070 6130 6184 6189 6409
    6478 6486 6527 6540 6544
    7725 8463 8505 8512 8573
    9151 9170 9203 9281 9294
    9478 9522 9556 9560 9586
    9591
panicked 8369
    8369 8518 8603
parseblock 9551
    9551 9556 9575
parsecmd 9468
    9152 9274 9468
parseexec 9567
    9464 9505 9567
parseline 9485
    9462 9474 9485 9496 9558
parsepipe 9501
    9463 9489 9501 9508
parseredirs 9514
    9514 9562 9581 9592
PCINT 7585
    7585 7674
pde_t 0103
    0103 0425 0426 0427 0428
    0429 0430 0431 0432 0435
    0436 1310 1373 1416 1710
    1754 1756 1779 1851 1854
    1859 1927 1953 1977 2011
    2053 2072 2084 2085 2087
    2152 2168 2405 6768
PDX 0862
    0862 1759 2023
PDXSHIFT 0877
    0862 0868 0877 1420
peek 9451
    9451 9475 9490 9494 9506
    9519 9555 9559 9574 9582
PGADDR 0868
    0868 2023
PGROUNDDOWN 0880
    0880 1784 1785 2175
PGROUNDUP 0879
    0879 1987 2019 3154 6815
PGSIZE 0873
    0873 0879 0880 1415 1766
    1796 1797 1861 1931 1934
    1935 1958 1960 1964 1967
    1988 1995 1996 2020 2023
    2094 2103 2104 2179 2185
    2563 2570 3155 3169 3173
    6804 6816 6818
PHYSTOP 0203
    0203 1348 1833 1862 1863
    3169
picenable 8025
    0344 4406 8025 8732 8780
    8843
picinit 8032
    0345 1332 8032
picsetmask 8017
    8017 8027 8083
pinit 2473
    0362 1336 2473
pipe 6912
    0254 0352 0353 0354 3736
    4255 6081 6122 6159 6912
    6924 6930 6936 6940 6944
    6961 6980 7001 8983 9202
    9203
PIPE 9109
    9109 9200 9336 9627
pipealloc 6922
    0351 6709 6922
pipeclose 6961
    0352 6081 6961
pipecmd 9134 9330
    9134 9162 9201 9330 9332
    9508 9608 9628
piperead 7001
    0353 6122 7001
PIPESIZE 6910
    6910 6914 6986 6994 7016
pipewrite 6980
    0354 6159 6980
popcli 1667
    0382 1622 1667 1670 1672
    1921
printint 8377
    8377 8476 8480
proc 2403
    0255 0433 1305 1558 1706
    1737 1902 2362 2377 2403
    2409 2456 2461 2464 2504
    2507 2512 2554 2607 2609
    2612 2615 2616 2627 2635
    2641 2642 2643 2651 2652
    2653 2655 2674 2677 2682
    2683 2684 2689 2691 2696
    2701 2702 2710 2720 2727
    2728 2751 2757 2810 2818
    2825 2833 2866 2871 2880
    2911 2929 2930 2934 2955
    2957 2977 2980 3015 3019
    3405 3454 3456 3458 3501
    3509 3510 3512 3518 3523
    3527 3605 3619 3633 3636
    3647 3660 3783 3785 3790
    3791 3807 3841 3858 3876
    4357 4758 4779 5116 5912
    6211 6228 6258 6259 6320
    6668 6670 6714 6754 6844
    6851 6852 6853 6854 6855
    6856 6904 6987 7007 7361
    7456 7466 7468 7561 8364
    8681 8811
procdump 3004
    0363 3004 8666
proghdr 1024
    1024 6767 9770 9786
PTE_ADDR 0894
    0894 1761 1963 2025 2062
    2099 2161
PTE_FLAGS 0895
    0895 2100
PTE_P 0883
    0883 1418 1420 1760 1770
    1791 1793 2024 2061 2097
    2157
PTE_PS 0890
    0890 1418 1420
pte_t 0898
    0898 1753 1757 1761 1763
    1782 1956 2013 2074 2088
    2154
PTE_U 0885
    0885 1770 1935 1996 2079
    2159
PTE_W 0884
    0884 1418 1420 1770 1831
    1833 1834 1935 1996
PTX 0865
    0865 1772
PTXSHIFT 0876
    0865 0868 0876
pushcli 1655
    0381 1576 1655 1911
rcr2 0582
    0582 3504 3511
readeflags 0544
    0544 1659 1669 2868 7710
read_head 4938
    4938 4970
readi 5652
    0301 1968 5652 5770 5816
    6125 6408 6409 6781 6794
readsb 5131
    0287 4913 5131 5207 5293
readsect 9810
    9810 9845
readseg 9829
    9764 9779 9790 9829
recover_from_log 4968
    4902 4917 4968
REDIR 9108
    9108 9180 9320 9621
redircmd 9125 9314
    9125 9163 9181 9314 9316
    9525 9528 9531 9609 9622
REG_ID 7910
    7910 7960
REG_TABLE 7912
    7912 7967 7968 7981 7982
REG_VER 7911
    7911 7959
release 1602
    0380 1602 1605 2516 2523
    2584 2663 2742 2752 2835
    2882 2892 2925 2938 2968
    2986 2990 3181 3199 3469
    3877 3882 3895 4462 4481
    4532 4626 4641 4695 4780
    4790 4807 4989 5018 5027
    5090 5415 5431 5443 5513
    5521 6034 6038 6058 6072
    6078 6972 6975 6988 6997
    7008 7019 8501 8664 8682
    8702 8717
releasesleep 4784
    0386 4681 4784 5486
ROOTDEV 0157
    0157 2899 2900 5910
ROOTINO 4154
    4154 5910
run 3118
    3011 3118 3119 3125 3167
    3177 3191
runcmd 9156
    9156 9170 9187 9193 9195
    9209 9216 9227 9274
RUNNING 2400
    2400 2827 2866 3011 3523
safestrcpy 7132
    0394 2573 2655 6844 7132
sb 5127
    0287 4204 4210 4911 4913
    4914 4915 5127 5131 5136
    5172 5173 5174 5207 5208
    5293 5294 5295 5296 5297
    5359 5360 5381 5464 7833
    7835 7837
sched 2858
    0365 2711 2858 2863 2865
    2867 2869 2881 2931
scheduler 2808
    0364 1370 2353 2808 2828
    2871
SCROLLLOCK 8164
    8164 8197
SECS 7804
    7804 7821
SECTOR_SIZE 4365
    4365 4431
SECTSIZE 9762
    9762 9823 9836 9839 9844
SEG 0819
    0819 1724 1725 1726 1727
    1730
SEG16 0823
    0823 1912
SEG_ASM 0660
    0660 1289 1290 9739 9740
segdesc 0802
    0509 0512 0802 0819 0823
    2355
seginit 1715
    0423 1330 1358 1715
SEG_KCODE 0742
    0742 1243 1724 3422 3433
    9708
SEG_KCPU 0744
    0744 1730 1733 3366
SEG_KDATA 0743
    0743 1253 1725 1914 3363
    9713
SEG_NULLASM 0654
    0654 1288 9738
SEG_TSS 0747
    0747 1912 1913 1919
SEG_UCODE 0745
    0745 1726 2565
SEG_UDATA 0746
    0746 1727 2566
SETGATE 0971
    0971 3422 3433
setupkvm 1852
    0425 1852 1880 2092 2560
    6786
SHIFT 8158
    8158 8186 8187 8335
skipelem 5865
    5865 5914
sleep 2909
    0366 2757 2909 2912 2915
    3009 3754 3880 4529 4765
    4776 4983 4986 6992 7011
    8686 8999
sleeplock 4001
    0258 0385 0386 0387 0388
    3969 4001 4266 4361 4574
    4760 4763 4772 4784 4801
    4854 5118 6009 6214 6907
    8359 8807
spinlock 1501
    0257 0366 0376 0378 0379
    0380 0415 1501 1559 1562
    1574 1602 1645 2457 2460
    2909 3109 3123 3408 3413
    4003 4360 4380 4573 4579
    4759 4853 4889 5117 5279
    6008 6014 6213 6906 6913
    8358 8372 8806
STA_R 0669 0836
    0669 0836 1289 1724 1726
    9739
start 1223 8909
    1222 1223 1266 1274 1276
    4890 4914 4927 4940 4956
    5038 5295 8908 8909 9660
    9661 9722
startothers 1377
    1308 1347 1377
stat 4104
    0259 0283 0302 4104 5114
    5637 6102 6209 6329 9053
stati 5637
    0302 5637 6106
STA_W 0668 0835
    0668 0835 1290 1725 1727
    1730 9740
STA_X 0665 0832
    0665 0832 1289 1724 1726
    9739
sti 0563
    0563 0565 1674 2814
stosb 0492
    0492 0494 7060 9792
stosl 0501
    0501 0503 7058
strlen 7151
    0395 6825 6826 7151 9268
    9473
strncmp 7108
    0396 5755 7108
strncpy 7118
    0397 5822 7118
STS_IG32 0850
    0850 0977
STS_T32A 0847
    0847 1912
STS_TG32 0851
    0851 0977
sum 7369
    7369 7371 7373 7375 7376
    7388 7442
superblock 4163
    0260 0287 4163 4911 5127
    5131
SVR 7568
    7568 7657
switchkvm 1887
    0434 1357 1881 1887 2829
switchuvm 1902
    0433 1902 1905 1907 1909
    2616 2826 6856
swtch 3058
    0373 2828 2871 3057 3058
syscall 3779
    0406 3457 3607 3779
SYSCALL 8973 8980 8981 8982 8983 8984 8985 8986 8987 8988 8989 8990 8991 8992 8993 8994 8995 8996 8997 8998 8999 9000 9001
    8980 8981 8982 8983 8984
    8985 8986 8987 8988 8989
    8990 8991 8992 8993 8994
    8995 8996 8997 8998 8999
    9000 9001
sys_chdir 6651
    3679 3711 6651
SYS_chdir 3559
    3559 3711 3745
sys_close 6313
    3680 3723 6313
SYS_close 3571
    3571 3723 3769
sys_date 3901
    3700 3724 3901
SYS_date 3572
    3572 3724 3771
sys_dup 6267
    3681 3712 6267
SYS_dup 3560
    3560 3712 3747
sys_exec 6675
    3682 3709 6675
SYS_exec 3557
    3557 3709 3741 8913
sys_exit 3816
    3683 3704 3816
SYS_exit 3552
    3552 3704 3731 8918
sys_fork 3810
    3684 3703 3810
SYS_fork 3551
    3551 3703 3729
sys_fstat 6326
    3685 3710 6326
SYS_fstat 3558
    3558 3710 3743
sys_getpid 3839
    3686 3713 3839
SYS_getpid 3561
    3561 3713 3749
sys_kill 3829
    3687 3708 3829
SYS_kill 3556
    3556 3708 3739
sys_link 6352
    3688 3721 6352
SYS_link 3569
    3569 3721 3765
sys_mkdir 6601
    3689 3722 6601
SYS_mkdir 3570
    3570 3722 3767
sys_mknod 6617
    3690 3719 6617
SYS_mknod 3567
    3567 3719 3761
sys_open 6551
    3691 3717 6551
SYS_open 3565
    3565 3717 3757
sys_pipe 6701
    3692 3706 6701
SYS_pipe 3554
    3554 3706 3735
sys_read 6281
    3693 3707 6281
SYS_read 3555
    3555 3707 3737
sys_sbrk 3851
    3694 3714 3851
SYS_sbrk 3562
    3562 3714 3751
sys_sleep 3866
    3695 3715 3866
SYS_sleep 3563
    3563 3715 3753
sys_unlink 6451
    3696 3720 6451
SYS_unlink 3568
    3568 3720 3763
sys_uptime 3889
    3699 3716 3889
SYS_uptime 3564
    3564 3716 3755
sys_wait 3823
    3697 3705 3823
SYS_wait 3553
    3553 3705 3733
sys_write 6301
    3698 3718 6301
SYS_write 3566
    3566 3718 3759
taskstate 0901
    0901 2354
TDCR 7592
    7592 7663
T_DEV 4102
    4102 5657 5707 6627
T_DIR 4100
    4100 5766 5916 6367 6479
    6487 6535 6575 6607 6662
T_FILE 4101
    4101 6520 6564
ticks 3414
    0413 3414 3467 3468 3874
    3875 3880 3894
tickslock 3413
    0415 3413 3435 3466 3469
    3873 3877 3880 3882 3893
    3895
TICR 7590
    7590 7665
TIMER 7582
    7582 7664
TIMER_16BIT 8771
    8771 8777
TIMER_DIV 8766
    8766 8778 8779
TIMER_FREQ 8765
    8765 8766
timerinit 8774
    0409 1346 8774
TIMER_MODE 8768
    8768 8777
TIMER_RATEGEN 8770
    8770 8777
TIMER_SEL0 8769
    8769 8777
T_IRQ0 3279
    3279 3464 3473 3477 3480
    3484 3488 3489 3523 7657
    7664 7677 7967 7981 8047
    8066
TPR 7566
    7566 7693
trap 3451
    3302 3304 3372 3451 3503
    3505 3508
trapframe 0602
    0602 2410 2534 3451
trapret 3377
    2468 2539 3376 3377
T_SYSCALL 3276
    3276 3433 3453 8914 8919
    8977
tvinit 3417
    0414 1340 3417
uart 8816
    8816 8837 8855 8865
uartgetc 8863
    8863 8875
uartinit 8819
    0418 1335 8819
uartintr 8873
    0419 3485 8873
uartputc 8851
    0420 8610 8612 8848 8851
userinit 2552
    0367 1349 2552 2561
uva2ka 2152
    0426 2152 2176
V2P 0211
    0211 1400 1402 1770 1832
    1833 1889 1920 1935 1996
    2104 3169
V2P_WO 0214
    0214 1140 1150
VER 7565
    7565 7673
wait 2718
    0368 2718 3734 3825 8982
    9083 9194 9220 9221 9275
waitdisk 9801
    9801 9813 9822
wakeup 2964
    0369 2964 3468 4475 4789
    5016 5026 6966 6969 6991
    6996 7018 8658
wakeup1 2953
    2470 2696 2705 2953 2967
walkpgdir 1754
    1754 1789 1961 2021 2076
    2095 2156
write_head 4954
    4954 4973 5055 5058
writei 5702
    0303 5702 5824 6176 6485
    6486
write_log 5033
    5033 5054
xchg 0569
    0569 1369 1581
YEAR 7809
    7809 7826
yield 2877
    0370 2877 3524
